ahfb-svg-iconset
ast-arrow-svg
ast-article-single
ast-blog-single-style-1
ast-builder-grid-row
ast-builder-grid-row-container
ast-builder-grid-row-has-sides
ast-builder-grid-row-layout-default
ast-builder-grid-row-mobile-layout-default
ast-builder-grid-row-no-center
ast-builder-grid-row-tablet-layout-default
ast-builder-layout-element
ast-builder-menu
ast-builder-menu-1
ast-builder-menu-1-focus-item
ast-builder-menu-mobile
ast-builder-menu-mobile-focus-item
ast-builder-menu-toggle-icon
ast-button-wrap
ast-container
ast-desktop-popup-content
ast-flex
ast-flex-grow-1
ast-full-width-layout
ast-grid-right-section
ast-header-break-point
ast-hfb-header
ast-hide-custom-menu-mobile
ast-icon
ast-inherit-site-logo-sticky
ast-inherit-site-logo-transparent
ast-inline-flex
ast-logo-title-inline
ast-main-header-bar-alignment
ast-main-header-wrap
ast-mega-menu-enabled
ast-menu-shadow
ast-mobile-header-inline
ast-mobile-header-wrap
ast-mobile-menu-trigger-minimal
ast-mobile-popup-content
ast-mobile-popup-drawer
ast-mobile-popup-header
ast-mobile-popup-inner
ast-mobile-popup-overlay
ast-mobile-popup-right
ast-nav-menu
ast-no-sidebar
ast-normal-title-enabled
ast-page-builder-template
ast-primary-header
ast-primary-header-bar
ast-primary-menu-enabled
ast-primary-sticky-enabled
ast-scroll-to-top-right
ast-scroll-top-icon
ast-single-post
ast-site-identity
ast-sticky-header-shrink
ast-sticky-main-shrink
ast-svg-iconset
ast-theme-transparent-header
astra-3.7.5
astra-addon-3.5.6
astra-logo-svg
astra-menu-animation-fade
content-align-flex-start
content-area
custom-logo
custom-logo-link
elementor
elementor-1043
elementor-1869
elementor-col-100
elementor-col-33
elementor-col-66
elementor-column
elementor-column-gap-custom
elementor-column-gap-default
elementor-column-gap-no
elementor-container
elementor-default
elementor-divider
elementor-divider-separator
elementor-element
elementor-element-00203f5
elementor-element-0c0c825
elementor-element-14028d1
elementor-element-2835b21
elementor-element-3059f0c
elementor-element-3302582
elementor-element-37c7e09
elementor-element-54ed2e8
elementor-element-764dd30
elementor-element-7fa70d0
elementor-element-814c137
elementor-element-837f9a0
elementor-element-8938a77
elementor-element-8bd392b
elementor-element-95e05f4
elementor-element-aa23a7e
elementor-element-ac86fc8
elementor-element-b75894e
elementor-element-b79686e
elementor-element-c40ef29
elementor-element-c6f90f6
elementor-element-e2fddac
elementor-element-f1b7b61
elementor-element-f293a80
elementor-element-f485b69
elementor-element-populated
elementor-heading-title
elementor-icon-list--layout-inline
elementor-icon-list--layout-traditional
elementor-icon-list-icon
elementor-icon-list-item
elementor-icon-list-items
elementor-icon-list-text
elementor-inline-item
elementor-inline-items
elementor-inner-column
elementor-inner-section
elementor-kit-6
elementor-list-item-link-full_width
elementor-location-footer
elementor-location-single
elementor-page-1043
elementor-page-title
elementor-post-info
elementor-post-info__item
elementor-post-info__item--type-date
elementor-repeater-item-efe02b0
elementor-section
elementor-section-boxed
elementor-section-height-default
elementor-size-default
elementor-top-column
elementor-top-section
elementor-widget
elementor-widget-container
elementor-widget-divider
elementor-widget-divider--view-line
elementor-widget-heading
elementor-widget-icon-list
elementor-widget-post-info
elementor-widget-theme-post-content
elementor-widget-theme-post-title
elementor-widget-wrap
format-standard
header-main-layout-1
hentry
hfeed
icon-arrow
jet-woo-product-gallery-pswp
main-header-bar
main-header-bar-navigation
main-header-bar-wrap
main-header-menu
main-header-menu-toggle
main-navigation
menu-item
menu-item-1421
menu-item-1761
menu-item-1844
menu-item-1846
menu-item-1847
menu-item-1848
menu-item-1849
menu-item-1852
menu-item-2997
menu-item-2998
menu-item-42
menu-item-438
menu-item-439
menu-item-440
menu-item-home
menu-item-object-custom
menu-item-object-page
menu-item-type-custom
menu-item-type-post_type
menu-link
menu-text
menu-toggle
menu-toggle-close
mobile-menu-toggle-icon
navigation-accessibility
post
post-15018
post-template-default
postid-15018
primary
pswp
pswp__bg
pswp__button
pswp__button--arrow--left
pswp__button--arrow--right
pswp__button--close
pswp__button--fs
pswp__button--share
pswp__button--zoom
pswp__caption
pswp__caption__center
pswp__container
pswp__counter
pswp__item
pswp__preloader
pswp__preloader__cut
pswp__preloader__donut
pswp__preloader__icn
pswp__scroll-wrap
pswp__share-modal
pswp__share-modal--hidden
pswp__share-tooltip
pswp__single-tap
pswp__top-bar
pswp__ui
pswp__ui--hidden
schema-premium
screen-reader-text
single
single-format-standard
single-post
site
site-branding
site-content
site-header
site-header-focus-item
site-header-primary-section-left
site-header-primary-section-right
site-header-section
site-header-section-left
site-logo-img
site-main
site-navigation
site-primary-header-wrap
skip-link
stack-on-mobile
status-publish
sub-arrow
submenu-with-border
svg-baseline
theme-astra
type-post
woocommerce-no-js
woocommerce-variation-availability
woocommerce-variation-description
woocommerce-variation-price
wp-custom-logo
wp-singular
wp-theme-astra