archive
attachment-full
bhf-hidden
category-product-tab
css_button_tile
e--pointer-none
ehf-header
ehf-stylesheet-twentytwentyfive
ehf-template-twentytwentyfive
eicon-close
eicon-menu-bar
elementor
elementor-1869
elementor-2856
elementor-471
elementor-57840
elementor-809
elementor-align-center
elementor-align-left
elementor-button
elementor-button-content-wrapper
elementor-button-link
elementor-button-text
elementor-button-wrapper
elementor-clearfix
elementor-col-100
elementor-col-33
elementor-column
elementor-column-gap-default
elementor-container
elementor-default
elementor-divider
elementor-divider-separator
elementor-element
elementor-element-00203f5
elementor-element-018541d
elementor-element-02fbf4f
elementor-element-0a5959d
elementor-element-0c0c825
elementor-element-0f9f854
elementor-element-14028d1
elementor-element-1e919df
elementor-element-21ed307
elementor-element-2835b21
elementor-element-2a223a0
elementor-element-2e750d3
elementor-element-31aee39
elementor-element-3464e87
elementor-element-37c7e09
elementor-element-384ea7e
elementor-element-4005b38
elementor-element-5620a74
elementor-element-70b0947
elementor-element-741bc41
elementor-element-764dd30
elementor-element-766de73
elementor-element-7fa70d0
elementor-element-814c137
elementor-element-837f9a0
elementor-element-84035da
elementor-element-a40bd8b
elementor-element-ac86fc8
elementor-element-ae2b046
elementor-element-b75894e
elementor-element-c40ef29
elementor-element-c4e6804
elementor-element-c6f90f6
elementor-element-ccb3078
elementor-element-d4fdf66
elementor-element-e17e44b
elementor-element-e2fddac
elementor-element-ea6677d
elementor-element-f1b7b61
elementor-element-f293a80
elementor-element-f3fe2d7
elementor-element-f485b69
elementor-element-populated
elementor-heading-title
elementor-hidden-desktop
elementor-hidden-mobile
elementor-hidden-tablet
elementor-icon-list--layout-inline
elementor-icon-list--layout-traditional
elementor-icon-list-icon
elementor-icon-list-item
elementor-icon-list-items
elementor-icon-list-text
elementor-inline-item
elementor-inline-items
elementor-inner-column
elementor-inner-section
elementor-invisible
elementor-item
elementor-item-anchor
elementor-kit-6
elementor-list-item-link-full_width
elementor-location-archive
elementor-location-footer
elementor-menu-toggle
elementor-menu-toggle__icon--close
elementor-menu-toggle__icon--open
elementor-mobile-align-center
elementor-nav-menu
elementor-nav-menu--burger
elementor-nav-menu--dropdown
elementor-nav-menu--dropdown-mobile
elementor-nav-menu--layout-horizontal
elementor-nav-menu--main
elementor-nav-menu--toggle
elementor-nav-menu__container
elementor-nav-menu__text-align-aside
elementor-page-471
elementor-screen-only
elementor-section
elementor-section-boxed
elementor-section-height-default
elementor-section-height-min-height
elementor-section-items-middle
elementor-size-default
elementor-size-sm
elementor-tab-content
elementor-tab-desktop-title
elementor-tab-mobile-title
elementor-tab-title
elementor-tabs
elementor-tabs-content-wrapper
elementor-tabs-view-horizontal
elementor-tabs-wrapper
elementor-template-full-width
elementor-top-column
elementor-top-section
elementor-widget
elementor-widget-button
elementor-widget-container
elementor-widget-divider
elementor-widget-divider--view-line
elementor-widget-heading
elementor-widget-icon-list
elementor-widget-image
elementor-widget-jet-listing-dynamic-image
elementor-widget-jet-listing-grid
elementor-widget-nav-menu
elementor-widget-tabs
elementor-widget-text-editor
elementor-widget-theme-site-logo
elementor-widget-wrap
grid-col-desk-4
grid-col-mobile-1
grid-col-tablet-3
has-post-thumbnail
hfeed
instock
jet-listing
jet-listing-dynamic-image
jet-listing-dynamic-image__img
jet-listing-dynamic-image__link
jet-listing-dynamic-post-683
jet-listing-dynamic-post-686
jet-listing-dynamic-post-690
jet-listing-dynamic-post-695
jet-listing-dynamic-post-700
jet-listing-dynamic-post-704
jet-listing-dynamic-post-708
jet-listing-dynamic-post-713
jet-listing-dynamic-post-718
jet-listing-dynamic-post-722
jet-listing-dynamic-post-726
jet-listing-dynamic-post-731
jet-listing-dynamic-post-734
jet-listing-dynamic-post-738
jet-listing-dynamic-post-743
jet-listing-dynamic-post-747
jet-listing-grid
jet-listing-grid--809
jet-listing-grid__item
jet-listing-grid__items
main-title
menu-item
menu-item-1421
menu-item-1761
menu-item-2997
menu-item-42
menu-item-438
menu-item-439
menu-item-440
menu-item-home
menu-item-object-custom
menu-item-object-page
menu-item-type-custom
menu-item-type-post_type
post-713
product
product-type-simple
product_cat-red-antique
product_tag-best-seller
shipping-taxable
site
size-full
status-publish
tax-product_cat
term-330
term-red-antique
theme-twentytwentyfive
type-product
woocommerce
woocommerce-block-theme-has-button-styles
woocommerce-no-js
woocommerce-page
woocommerce-uses-block-theme
wp-custom-logo
wp-embed-responsive
wp-image-2488
wp-image-2493
wp-image-2498
wp-image-2503
wp-image-2509
wp-image-2512
wp-image-2519
wp-image-2524
wp-image-2527
wp-image-2534
wp-image-2539
wp-image-2544
wp-image-2547
wp-image-2551
wp-image-2556
wp-image-2560
wp-image-43
wp-theme-twentytwentyfive