ahfb-svg-iconset
align-left
ast-arrow-svg
ast-article-single
ast-blog-single-style-1
ast-builder-grid-row
ast-builder-grid-row-container
ast-builder-grid-row-has-sides
ast-builder-grid-row-layout-default
ast-builder-grid-row-mobile-layout-default
ast-builder-grid-row-no-center
ast-builder-grid-row-tablet-layout-default
ast-builder-layout-element
ast-builder-menu
ast-builder-menu-1
ast-builder-menu-1-focus-item
ast-builder-menu-mobile
ast-builder-menu-mobile-focus-item
ast-builder-menu-toggle-icon
ast-button-wrap
ast-container
ast-custom-post-type
ast-desktop-popup-content
ast-flex
ast-flex-grow-1
ast-full-width-layout
ast-grid-right-section
ast-header-break-point
ast-hfb-header
ast-hide-custom-menu-mobile
ast-icon
ast-inherit-site-logo-sticky
ast-inherit-site-logo-transparent
ast-inline-flex
ast-logo-title-inline
ast-loop-product__link
ast-main-header-bar-alignment
ast-main-header-wrap
ast-mega-menu-enabled
ast-menu-shadow
ast-menu-toggle
ast-mobile-header-inline
ast-mobile-header-wrap
ast-mobile-menu-trigger-minimal
ast-mobile-popup-content
ast-mobile-popup-drawer
ast-mobile-popup-header
ast-mobile-popup-inner
ast-mobile-popup-overlay
ast-mobile-popup-right
ast-nav-menu
ast-no-sidebar
ast-normal-title-enabled
ast-page-builder-template
ast-primary-header
ast-primary-header-bar
ast-primary-menu-enabled
ast-primary-sticky-enabled
ast-product-gallery-layout-horizontal
ast-product-gallery-with-no-image
ast-product-tabs-layout-horizontal
ast-scroll-to-top-right
ast-scroll-top-icon
ast-single-post
ast-site-identity
ast-sticky-header-shrink
ast-sticky-main-shrink
ast-svg-iconset
ast-theme-transparent-header
ast-woo-product-no-review
astra-3.7.5
astra-addon-3.5.6
astra-logo-svg
astra-menu-animation-fade
astra-shop-summary-wrap
astra-shop-thumbnail-wrap
attachment-full
attachment-woocommerce_thumbnail
box-shadow-0
box-shadow-0-hover
carousel-wrap
content-align-flex-start
css_order_1
custom-logo
custom-logo-link
dropdown-menu-toggle
elementor
elementor-1869
elementor-458
elementor-799
elementor-align-center
elementor-align-icon-left
elementor-align-left
elementor-button
elementor-button-content-wrapper
elementor-button-icon
elementor-button-link
elementor-button-text
elementor-button-wrapper
elementor-col-100
elementor-col-33
elementor-col-50
elementor-column
elementor-column-gap-default
elementor-container
elementor-default
elementor-divider
elementor-divider-separator
elementor-element
elementor-element-00203f5
elementor-element-0c0c825
elementor-element-0d00a10
elementor-element-0f2ba4a
elementor-element-126ae25
elementor-element-12fc46f
elementor-element-14028d1
elementor-element-2776d29
elementor-element-2835b21
elementor-element-31e7a13
elementor-element-3585de0
elementor-element-37c7e09
elementor-element-3b50518
elementor-element-40dd984
elementor-element-436fe35
elementor-element-48c0509
elementor-element-4ca2711
elementor-element-68e4d85
elementor-element-6e66aad
elementor-element-7460eb6
elementor-element-74f3f1c
elementor-element-764dd30
elementor-element-7d4ad4f
elementor-element-7fa70d0
elementor-element-814c137
elementor-element-837f9a0
elementor-element-89e6eb1
elementor-element-987ab3c
elementor-element-9db37e7
elementor-element-a870b1a
elementor-element-ac86fc8
elementor-element-ac8d34a
elementor-element-b6d9271
elementor-element-b75894e
elementor-element-c05312d
elementor-element-c40ef29
elementor-element-c6f90f6
elementor-element-d4f0dd7
elementor-element-e09b637
elementor-element-e2fddac
elementor-element-f1b7b61
elementor-element-f1d28a2
elementor-element-f293a80
elementor-element-f4857da
elementor-element-f485b69
elementor-element-f815a81
elementor-element-fb9cedf
elementor-element-populated
elementor-heading-title
elementor-hidden-desktop
elementor-hidden-mobile
elementor-hidden-tablet
elementor-icon-list--layout-inline
elementor-icon-list--layout-traditional
elementor-icon-list-icon
elementor-icon-list-item
elementor-icon-list-items
elementor-icon-list-text
elementor-inline-item
elementor-inline-items
elementor-inner-column
elementor-inner-section
elementor-invisible
elementor-kit-6
elementor-list-item-link-full_width
elementor-location-footer
elementor-location-popup
elementor-location-single
elementor-mobile-align-center
elementor-page-458
elementor-page-title
elementor-products-columns-4
elementor-products-grid
elementor-section
elementor-section-boxed
elementor-section-height-default
elementor-section-wrap
elementor-size-default
elementor-size-sm
elementor-tablet-align-left
elementor-template-full-width
elementor-top-column
elementor-top-section
elementor-wc-products
elementor-widget
elementor-widget-button
elementor-widget-container
elementor-widget-divider
elementor-widget-divider--view-line
elementor-widget-heading
elementor-widget-html
elementor-widget-icon-list
elementor-widget-woocommerce-product-content
elementor-widget-woocommerce-product-images
elementor-widget-woocommerce-product-related
elementor-widget-woocommerce-product-title
elementor-widget-wrap
entry-title
first
has-post-thumbnail
header-main-layout-1
hfeed
icon-arrow
images
instock
jet-woo-product-gallery-pswp
lang-item
lang-item-31
lang-item-first
lang-item-vi
last
main-header-bar
main-header-bar-navigation
main-header-bar-wrap
main-header-menu
main-header-menu-toggle
main-navigation
menu-item
menu-item-1421
menu-item-1761
menu-item-1761-vi
menu-item-2997
menu-item-42
menu-item-438
menu-item-439
menu-item-440
menu-item-has-children
menu-item-home
menu-item-object-custom
menu-item-object-page
menu-item-type-custom
menu-item-type-post_type
menu-link
menu-text
menu-toggle
menu-toggle-close
mobile-menu-toggle-icon
mobile-rel-up-columns-2
navigation-accessibility
nute
owl-carousel
owl-theme
pll-parent-menu-item
post-3613
post-3619
post-3625
post-3631
post-3637
post-3641
post-3647
post-3653
post-3659
post-3665
post-3671
post-3677
post-3683
postid-3641
product
product-template-default
product-type-simple
product_cat-painting
product_title
products
pswp
pswp__bg
pswp__button
pswp__button--arrow--left
pswp__button--arrow--right
pswp__button--close
pswp__button--fs
pswp__button--share
pswp__button--zoom
pswp__caption
pswp__caption__center
pswp__container
pswp__counter
pswp__item
pswp__preloader
pswp__preloader__cut
pswp__preloader__donut
pswp__preloader__icn
pswp__scroll-wrap
pswp__share-modal
pswp__share-modal--hidden
pswp__share-tooltip
pswp__single-tap
pswp__top-bar
pswp__ui
pswp__ui--hidden
rel-up-columns-4
related
related-product-carousel
screen-reader-text
shipping-taxable
show-heading-yes
single
single-product
site
site-branding
site-content
site-header
site-header-focus-item
site-header-primary-section-left
site-header-primary-section-right
site-header-section
site-header-section-left
site-logo-img
site-navigation
site-primary-header-wrap
size-full
size-woocommerce_thumbnail
skip-link
stack-on-mobile
status-publish
sub-arrow
sub-menu
submenu-with-border
svg-baseline
tablet-rel-up-columns-3
theme-astra
type-product
woocommerce
woocommerce-loop-product__link
woocommerce-loop-product__title
woocommerce-loopproduct-link
woocommerce-no-js
woocommerce-notices-wrapper
woocommerce-page
woocommerce-product-gallery
woocommerce-product-gallery--columns-4
woocommerce-product-gallery--with-images
woocommerce-product-gallery__image
woocommerce-product-gallery__wrapper
woocommerce-variation-availability
woocommerce-variation-description
woocommerce-variation-price
wp-custom-logo
wp-post-image
wt-related-products